{
  "p1_contemplation_time": 33.767676851999994,
  "p1_points": 145,
  "p2_contemplation_time": 0.00010637000000000001,
  "p2_points": 83
}