{
  "p1_contemplation_time": 44.968476026999994,
  "p1_points": 90,
  "p2_contemplation_time": 0.00011280900000000001,
  "p2_points": 66
}