{
  "p1_contemplation_time": 0.0004338280000000001,
  "p1_points": 59,
  "p2_contemplation_time": 18.78076937,
  "p2_points": 85
}