{
  "p1_contemplation_time": 0.000426595,
  "p1_points": 62,
  "p2_contemplation_time": 31.317639705,
  "p2_points": 110
}