{
  "p1_contemplation_time": 0.000861774,
  "p1_points": 57,
  "p2_contemplation_time": 0.00041041600000000004,
  "p2_points": 75
}