{
  "p1_contemplation_time": 47.31593924300001,
  "p1_points": 97,
  "p2_contemplation_time": 0.00010378799999999998,
  "p2_points": 65
}