{
  "p1_contemplation_time": 30.779412385000004,
  "p1_points": 114,
  "p2_contemplation_time": 0.00010211999999999999,
  "p2_points": 59
}