{
  "p1_contemplation_time": 46.163980508,
  "p1_points": 66,
  "p2_contemplation_time": 0.000117897,
  "p2_points": 75
}