{
  "p1_contemplation_time": 0.000430881,
  "p1_points": 62,
  "p2_contemplation_time": 34.56074388799998,
  "p2_points": 104
}