{
  "p1_contemplation_time": 0.000530765,
  "p1_points": 68,
  "p2_contemplation_time": 43.502201651,
  "p2_points": 101
}