{
  "p1_contemplation_time": 0.0008229699999999996,
  "p1_points": 64,
  "p2_contemplation_time": 0.000410224,
  "p2_points": 61
}