{
  "p1_contemplation_time": 0.0010081069999999998,
  "p1_points": 92,
  "p2_contemplation_time": 0.000409137,
  "p2_points": 73
}