{
  "p1_contemplation_time": 0.000368229,
  "p1_points": 68,
  "p2_contemplation_time": 34.00385392,
  "p2_points": 127
}