{
  "p1_contemplation_time": 0.0005327759999999998,
  "p1_points": 101,
  "p2_contemplation_time": 43.809587611000005,
  "p2_points": 95
}