{
  "p1_contemplation_time": 44.64377943899999,
  "p1_points": 151,
  "p2_contemplation_time": 0.00010437200000000002,
  "p2_points": 91
}