{
  "p1_contemplation_time": 31.868710820999993,
  "p1_points": 109,
  "p2_contemplation_time": 0.00010304400000000001,
  "p2_points": 67
}