{
  "p1_contemplation_time": 0.000421087,
  "p1_points": 88,
  "p2_contemplation_time": 18.394347754,
  "p2_points": 116
}