{
  "p1_contemplation_time": 0.00038489399999999994,
  "p1_points": 65,
  "p2_contemplation_time": 16.972593229999998,
  "p2_points": 94
}