{
  "p1_contemplation_time": 0.000947669,
  "p1_points": 57,
  "p2_contemplation_time": 0.000407022,
  "p2_points": 73
}