{
  "p1_contemplation_time": 45.824954535,
  "p1_points": 71,
  "p2_contemplation_time": 0.000111085,
  "p2_points": 73
}