{
  "p1_contemplation_time": 32.65878523300002,
  "p1_points": 80,
  "p2_contemplation_time": 0.00010350200000000001,
  "p2_points": 77
}