{
  "p1_contemplation_time": 0.000496726,
  "p1_points": 71,
  "p2_contemplation_time": 47.437787311,
  "p2_points": 94
}