{
  "p1_contemplation_time": 0.000952647,
  "p1_points": 70,
  "p2_contemplation_time": 0.000398163,
  "p2_points": 55
}