{
  "p1_contemplation_time": 0.00036394600000000003,
  "p1_points": 80,
  "p2_contemplation_time": 33.204914951999996,
  "p2_points": 93
}